Top matrices are my result, bottom matrices are molpro results

S
[[  9.99999994e-01,  -3.98894811e-08,   9.01240179e-01,  7.93702410e-02],
 [ -3.98894813e-08,   1.00000001e+00,   7.93702410e-02,  9.04644056e-01],
 [  9.01240179e-01,   7.93702410e-02,   9.99999994e-01, -3.98894811e-08],
 [  7.93702410e-02,   9.04644056e-01,  -3.98894813e-08,  1.00000001e+00]])
 
    1.00000000  -0.00000004   0.90124018   0.07937024
   -0.00000004   1.00000000   0.07937024   0.90464405
    0.90124018   0.07937024   1.00000000  -0.00000004
    0.07937024   0.90464405  -0.00000004   1.00000000
	
T
 ([[ 0.61129742, -0.5219625 ,  0.42347801, -0.2943684 ],
   [-0.5219625 ,  0.63548866, -0.2943684 ,  0.34417531],
   [ 0.42347801, -0.2943684 ,  0.61129742, -0.5219625 ],
   [-0.2943684 ,  0.34417531, -0.5219625 ,  0.63548866]])
 
	0.61129742  -0.52196250   0.42347801  -0.29436840
   -0.52196250   0.63548865  -0.29436840   0.34417531
    0.42347801  -0.29436840   0.61129742  -0.52196250
   -0.29436840   0.34417531  -0.52196250   0.63548865
   
V_eN
[[-1.97366567,  0.75036874, -1.76550307,  0.53317614],
 [ 0.75036874, -1.08828536,  0.53317614, -0.83339823],
 [-1.76550307,  0.53317614, -1.97366567,  0.75036874],
 [ 0.53317614, -0.83339823,  0.75036874, -1.08828536]])
	
	-1.97366568   0.75036873  -1.76550308   0.53317614
    0.75036873  -1.08828535   0.53317614  -0.83339822
   -1.76550308   0.53317614  -1.97366568   0.75036873
    0.53317614  -0.83339822   0.75036873  -1.08828535
	
S^-.5
[[ 2.81119991  1.27772132 -2.08548644 -1.29285561]
 [ 1.27772132  2.8659961  -1.29285561 -2.14093168]
 [-2.08548644 -1.29285561  2.81119991  1.27772132]
 [-1.29285561 -2.14093168  1.27772132  2.8659961 ]]
 
    2.81119990   1.27772132  -2.08548644  -1.29285561
    1.27772132   2.86599611  -1.29285561  -2.14093169
   -2.08548644  -1.29285561   2.81119990   1.27772132
   -1.29285561  -2.14093169   1.27772132   2.86599611

P
[[ 0.51373077  -0.10348136   0.51373077  -0.10348136]
 [-0.10348136   0.02084436  -0.10348136   0.02084436]
 [ 0.51373077  -0.10348136   0.51373077  -0.10348136]
 [-0.10348136   0.02084436  -0.10348136   0.02084436]]

   0.51373229  -0.10347679   0.51373229  -0.10347679
  -0.10347679   0.02084246  -0.10347679   0.02084246
   0.51373229  -0.10347679   0.51373229  -0.10347679
  -0.10347679   0.02084246  -0.10347679   0.02084246
   
-0.895670062433 Hartrees [my result]
-0.895670062832 [molpro result]